0 48553
1 46529
2 44413
3 41678
4 40149
5 37915
6 36189
7 34335
8 32481
9 31070
10 29605
11 28141
12 26794
13 25478
14 24285
15 22841
16 21932
17 20734
18 20212
19 18768
20 17937
21 17126
22 16220
23 15483
24 14517
25 13824
26 13507
27 12630
28 12179
29 11186
30 10937
31 10351
32 9826
33 9438
34 8973
35 8466
36 8079
37 7731
38 7349
39 6928
40 6544
41 6349
42 5905
43 5861
44 5388
45 5269
46 4754
47 4726
48 4479
49 4150
50 4019
51 3781
52 3630
53 3462
54 3191
55 3040
56 2877
57 2824
58 2658
59 2555
60 2457
61 2364
62 2190
63 2078
64 2001
65 1951
66 1747
67 1753
68 1713
69 1514
70 1462
71 1438
72 1310
73 1248
74 1187
75 1102
76 1082
77 1046
78 967
79 942
80 955
81 849
82 751
83 749
84 730
85 676
86 684
87 647
88 583
89 556
90 529
91 490
92 491
93 499
94 431
95 421
96 383
97 344
98 368
99 339
100 347
101 307
102 319
103 308
104 258
105 282
106 219
107 227
108 215
109 222
110 200
111 207
112 181
113 173
114 152
115 152
116 156
117 126
118 132
119 117
120 129
121 97
122 108
123 94
124 87
125 91
126 99
127 96
128 72
129 94
130 70
131 61
132 65
133 70
134 60
135 56
136 56
137 44
138 51
139 43
140 43
141 35
142 39
143 35
144 34
145 30
146 30
147 29
148 28
149 33
150 28
151 24
152 14
153 17
154 26
155 31
156 21
157 8
158 20
159 19
160 18
161 14
162 19
163 9
164 18
165 9
166 9
167 15
168 10
169 11
170 11
171 9
172 12
173 8
174 9
175 12
176 5
177 1
178 9
179 10
180 5
181 10
182 7
183 7
184 7
185 2
186 6
187 4
188 5
189 4
190 0
191 2
192 0
193 3
194 2
195 3
196 1
197 2
198 3
199 2
200 4
201 1
202 3
203 1
204 0
205 1
206 1
207 1
208 0
209 0
210 0
211 3
212 0
213 2
214 1
215 1
216 0
217 1
218 0
219 1
220 1
221 1
222 0
223 1
224 0
225 0
226 2
227 0
228 0
229 0
230 1
231 2
232 0
233 2
234 0
235 0
236 0
237 0
238 0
239 1
240 0
241 0
242 0
243 0
244 0
245 0
246 1
247 0
248 0
249 0
250 0
251 2
252 1
253 0
254 0
255 0
256 1
257 0
258 0
259 0
260 0
261 0
262 0
263 0
264 0
265 1
266 0
267 0
268 0
269 0
270 0
271 0
272 0
273 0
274 0
275 0
276 0
277 0
278 1
279 1
280 1
281 0
282 0
283 0
284 0
285 0
286 0
287 0
288 0
289 0
290 0
291 0
292 0
293 0
294 0
295 0
296 0
297 0
298 0
299 0
0 48553
1 46529
2 44413
3 41678
4 40149
5 37915
6 36189
7 34335
8 32481
9 31070
10 29605
11 28141
12 26794
13 25478
14 24285
15 22841
16 21932
17 20734
18 20212
19 18768
20 17937
21 17126
22 16220
23 15483
24 14517
25 13824
26 13507
27 12630
28 12179
29 11186
30 10937
31 10351
32 9826
33 9438
34 8973
35 8466
36 8079
37 7731
38 7349
39 6928
40 6544
41 6349
42 5905
43 5861
44 5388
45 5269
46 4754
47 4726
48 4479
49 4150
50 4019
51 3781
52 3630
53 3462
54 3191
55 3040
56 2877
57 2824
58 2658
59 2555
60 2457
61 2364
62 2190
63 2078
64 2001
65 1951
66 1747
67 1753
68 1713
69 1514
70 1462
71 1438
72 1310
73 1248
74 1187
75 1102
76 1082
77 1046
78 967
79 942
80 955
81 849
82 751
83 749
84 730
85 676
86 684
87 647
88 583
89 556
90 529
91 490
92 491
93 499
94 431
95 421
96 383
97 344
98 368
99 339
100 347
101 307
102 319
103 308
104 258
105 282
106 219
107 227
108 215
109 222
110 200
111 207
112 181
113 173
114 152
115 152
116 156
117 126
118 132
119 117
120 129
121 97
122 108
123 94
124 87
125 91
126 99
127 96
128 72
129 94
130 70
131 61
132 65
133 70
134 60
135 56
136 56
137 44
138 51
139 43
140 43
141 35
142 39
143 35
144 34
145 30
146 30
147 29
148 28
149 33
150 28
151 24
152 14
153 17
154 26
155 31
156 21
157 8
158 20
159 19
160 18
161 14
162 19
163 9
164 18
165 9
166 9
167 15
168 10
169 11
170 11
171 9
172 12
173 8
174 9
175 12
176 5
177 1
178 9
179 10
180 5
181 10
182 7
183 7
184 7
185 2
186 6
187 4
188 5
189 4
190 0
191 2
192 0
193 3
194 2
195 3
196 1
197 2
198 3
199 2
200 4
201 1
202 3
203 1
204 0
205 1
206 1
207 1
208 0
209 0
210 0
211 3
212 0
213 2
214 1
215 1
216 0
217 1
218 0
219 1
220 1
221 1
222 0
223 1
224 0
225 0
226 2
227 0
228 0
229 0
230 1
231 2
232 0
233 2
234 0
235 0
236 0
237 0
238 0
239 1
240 0
241 0
242 0
243 0
244 0
245 0
246 1
247 0
248 0
249 0
250 0
251 2
252 1
253 0
254 0
255 0
256 1
257 0
258 0
259 0
260 0
261 0
262 0
263 0
264 0
265 1
266 0
267 0
268 0
269 0
270 0
271 0
272 0
273 0
274 0
275 0
276 0
277 0
278 1
279 1
280 1
281 0
282 0
283 0
284 0
285 0
286 0
287 0
288 0
289 0
290 0
291 0
292 0
293 0
294 0
295 0
296 0
297 0
298 0
299 0
